{
 "cells": [
  {
   "cell_type": "markdown",
   "metadata": {},
   "source": [
    "# Boston Housing Prediction By Using Linear Regression"
   ]
  },
  {
   "cell_type": "code",
   "execution_count": 76,
   "metadata": {},
   "outputs": [],
   "source": [
    "# importing requried libraries\n",
    "import numpy as np\n",
    "import pandas as pd\n",
    "\n",
    "# Visualization \n",
    "import seaborn as sns\n",
    "import matplotlib.pyplot as plt"
   ]
  },
  {
   "cell_type": "code",
   "execution_count": 77,
   "metadata": {},
   "outputs": [],
   "source": [
    "# reading the dataset\n",
    "\n",
    "boston = pd.read_csv(r\"D:\\jupyter notebook\\dataset\\Boston_housing\\Housing.csv\")"
   ]
  },
  {
   "cell_type": "code",
   "execution_count": 78,
   "metadata": {},
   "outputs": [
    {
     "data": {
      "text/html": [
       "<div>\n",
       "<style scoped>\n",
       "    .dataframe tbody tr th:only-of-type {\n",
       "        vertical-align: middle;\n",
       "    }\n",
       "\n",
       "    .dataframe tbody tr th {\n",
       "        vertical-align: top;\n",
       "    }\n",
       "\n",
       "    .dataframe thead th {\n",
       "        text-align: right;\n",
       "    }\n",
       "</style>\n",
       "<table border=\"1\" class=\"dataframe\">\n",
       "  <thead>\n",
       "    <tr style=\"text-align: right;\">\n",
       "      <th></th>\n",
       "      <th>CRIM</th>\n",
       "      <th>ZN</th>\n",
       "      <th>INDUS</th>\n",
       "      <th>CHAS</th>\n",
       "      <th>NOX</th>\n",
       "      <th>RM</th>\n",
       "      <th>AGE</th>\n",
       "      <th>DIS</th>\n",
       "      <th>RAD</th>\n",
       "      <th>TAX</th>\n",
       "      <th>PTRATIO</th>\n",
       "      <th>B</th>\n",
       "      <th>LSTAT</th>\n",
       "      <th>MEDV</th>\n",
       "    </tr>\n",
       "  </thead>\n",
       "  <tbody>\n",
       "    <tr>\n",
       "      <th>0</th>\n",
       "      <td>0.00632</td>\n",
       "      <td>18.0</td>\n",
       "      <td>2.31</td>\n",
       "      <td>0</td>\n",
       "      <td>0.538</td>\n",
       "      <td>6.575</td>\n",
       "      <td>65.2</td>\n",
       "      <td>4.0900</td>\n",
       "      <td>1.0</td>\n",
       "      <td>296</td>\n",
       "      <td>15.3</td>\n",
       "      <td>396.90</td>\n",
       "      <td>4.98</td>\n",
       "      <td>24.0</td>\n",
       "    </tr>\n",
       "    <tr>\n",
       "      <th>1</th>\n",
       "      <td>0.02731</td>\n",
       "      <td>0.0</td>\n",
       "      <td>7.07</td>\n",
       "      <td>0</td>\n",
       "      <td>0.469</td>\n",
       "      <td>6.421</td>\n",
       "      <td>78.9</td>\n",
       "      <td>4.9671</td>\n",
       "      <td>2.0</td>\n",
       "      <td>242</td>\n",
       "      <td>17.8</td>\n",
       "      <td>396.90</td>\n",
       "      <td>9.14</td>\n",
       "      <td>21.6</td>\n",
       "    </tr>\n",
       "    <tr>\n",
       "      <th>2</th>\n",
       "      <td>0.02729</td>\n",
       "      <td>0.0</td>\n",
       "      <td>7.07</td>\n",
       "      <td>0</td>\n",
       "      <td>0.469</td>\n",
       "      <td>7.185</td>\n",
       "      <td>61.1</td>\n",
       "      <td>4.9671</td>\n",
       "      <td>2.0</td>\n",
       "      <td>242</td>\n",
       "      <td>17.8</td>\n",
       "      <td>392.83</td>\n",
       "      <td>4.03</td>\n",
       "      <td>34.7</td>\n",
       "    </tr>\n",
       "    <tr>\n",
       "      <th>3</th>\n",
       "      <td>0.03237</td>\n",
       "      <td>0.0</td>\n",
       "      <td>2.18</td>\n",
       "      <td>0</td>\n",
       "      <td>0.458</td>\n",
       "      <td>6.998</td>\n",
       "      <td>45.8</td>\n",
       "      <td>6.0622</td>\n",
       "      <td>3.0</td>\n",
       "      <td>222</td>\n",
       "      <td>18.7</td>\n",
       "      <td>394.63</td>\n",
       "      <td>2.94</td>\n",
       "      <td>33.4</td>\n",
       "    </tr>\n",
       "    <tr>\n",
       "      <th>4</th>\n",
       "      <td>0.06905</td>\n",
       "      <td>0.0</td>\n",
       "      <td>2.18</td>\n",
       "      <td>0</td>\n",
       "      <td>0.458</td>\n",
       "      <td>7.147</td>\n",
       "      <td>54.2</td>\n",
       "      <td>6.0622</td>\n",
       "      <td>3.0</td>\n",
       "      <td>222</td>\n",
       "      <td>18.7</td>\n",
       "      <td>396.90</td>\n",
       "      <td>5.33</td>\n",
       "      <td>36.2</td>\n",
       "    </tr>\n",
       "  </tbody>\n",
       "</table>\n",
       "</div>"
      ],
      "text/plain": [
       "      CRIM    ZN  INDUS  CHAS    NOX     RM   AGE     DIS  RAD  TAX  PTRATIO  \\\n",
       "0  0.00632  18.0   2.31     0  0.538  6.575  65.2  4.0900  1.0  296     15.3   \n",
       "1  0.02731   0.0   7.07     0  0.469  6.421  78.9  4.9671  2.0  242     17.8   \n",
       "2  0.02729   0.0   7.07     0  0.469  7.185  61.1  4.9671  2.0  242     17.8   \n",
       "3  0.03237   0.0   2.18     0  0.458  6.998  45.8  6.0622  3.0  222     18.7   \n",
       "4  0.06905   0.0   2.18     0  0.458  7.147  54.2  6.0622  3.0  222     18.7   \n",
       "\n",
       "        B  LSTAT  MEDV  \n",
       "0  396.90   4.98  24.0  \n",
       "1  396.90   9.14  21.6  \n",
       "2  392.83   4.03  34.7  \n",
       "3  394.63   2.94  33.4  \n",
       "4  396.90   5.33  36.2  "
      ]
     },
     "execution_count": 78,
     "metadata": {},
     "output_type": "execute_result"
    }
   ],
   "source": [
    "boston.head()"
   ]
  },
  {
   "cell_type": "code",
   "execution_count": 79,
   "metadata": {},
   "outputs": [
    {
     "data": {
      "text/plain": [
       "CRIM       float64\n",
       "ZN         float64\n",
       "INDUS      float64\n",
       "CHAS         int64\n",
       "NOX        float64\n",
       "RM         float64\n",
       "AGE        float64\n",
       "DIS        float64\n",
       "RAD        float64\n",
       "TAX          int64\n",
       "PTRATIO    float64\n",
       "B          float64\n",
       "LSTAT      float64\n",
       "MEDV       float64\n",
       "dtype: object"
      ]
     },
     "execution_count": 79,
     "metadata": {},
     "output_type": "execute_result"
    }
   ],
   "source": [
    "# Checking the data types , null values  and columns\n",
    "\n",
    "boston.dtypes"
   ]
  },
  {
   "cell_type": "code",
   "execution_count": 80,
   "metadata": {},
   "outputs": [
    {
     "data": {
      "text/plain": [
       "CRIM       0\n",
       "ZN         0\n",
       "INDUS      3\n",
       "CHAS       0\n",
       "NOX        2\n",
       "RM         0\n",
       "AGE        1\n",
       "DIS        0\n",
       "RAD        1\n",
       "TAX        0\n",
       "PTRATIO    0\n",
       "B          0\n",
       "LSTAT      1\n",
       "MEDV       0\n",
       "dtype: int64"
      ]
     },
     "execution_count": 80,
     "metadata": {},
     "output_type": "execute_result"
    }
   ],
   "source": [
    "boston.isnull().sum()"
   ]
  },
  {
   "cell_type": "code",
   "execution_count": 81,
   "metadata": {},
   "outputs": [],
   "source": [
    "# droping the null values \n",
    "boston.dropna(inplace=True)"
   ]
  },
  {
   "cell_type": "code",
   "execution_count": 82,
   "metadata": {},
   "outputs": [
    {
     "data": {
      "text/plain": [
       "CRIM       0\n",
       "ZN         0\n",
       "INDUS      0\n",
       "CHAS       0\n",
       "NOX        0\n",
       "RM         0\n",
       "AGE        0\n",
       "DIS        0\n",
       "RAD        0\n",
       "TAX        0\n",
       "PTRATIO    0\n",
       "B          0\n",
       "LSTAT      0\n",
       "MEDV       0\n",
       "dtype: int64"
      ]
     },
     "execution_count": 82,
     "metadata": {},
     "output_type": "execute_result"
    }
   ],
   "source": [
    "boston.isna().sum()"
   ]
  },
  {
   "cell_type": "code",
   "execution_count": 83,
   "metadata": {},
   "outputs": [
    {
     "data": {
      "text/plain": [
       "Index(['CRIM', 'ZN', 'INDUS', 'CHAS', 'NOX', 'RM', 'AGE', 'DIS', 'RAD', 'TAX',\n",
       "       'PTRATIO', 'B', 'LSTAT', 'MEDV'],\n",
       "      dtype='object')"
      ]
     },
     "execution_count": 83,
     "metadata": {},
     "output_type": "execute_result"
    }
   ],
   "source": [
    "boston.columns"
   ]
  },
  {
   "cell_type": "markdown",
   "metadata": {},
   "source": [
    "##Attribute Information:\n",
    "\n",
    "1) CRIM : per capita crime rate by town.\n",
    "2) ZN : proportion of residential land zoned for lots over 25,000 sq.ft.\n",
    "3) INDUS: proportion of non-retail business acres per town.\n",
    "4) CHAS : Charles River dummy variable (= 1 if tract bounds river; 0 otherwise).\n",
    "5) NOX : nitric oxides concentration (parts per 10 million).\n",
    "6) RM : average number of rooms per dwelling.\n",
    "7) AGE : proportion of owner-occupied units built prior to 1940.\n",
    "8) DIS : weighted distances to five Boston employment centres.\n",
    "9) RAD : index of accessibility to radial highways.\n",
    "10) TAX : full-value property-tax rate per $10,000.\n",
    "11) PTRATIO : pupil-teacher ratio by town.\n",
    "12) B : 1000(Bk - 0.63)^2 where Bk is the proportion of blacks by town.\n",
    "13) LSTAT: % lower status of the population.\n",
    "14) MEDV : Median value of owner-occupied homes in $1000's.*"
   ]
  },
  {
   "cell_type": "code",
   "execution_count": 84,
   "metadata": {},
   "outputs": [
    {
     "data": {
      "text/html": [
       "<div>\n",
       "<style scoped>\n",
       "    .dataframe tbody tr th:only-of-type {\n",
       "        vertical-align: middle;\n",
       "    }\n",
       "\n",
       "    .dataframe tbody tr th {\n",
       "        vertical-align: top;\n",
       "    }\n",
       "\n",
       "    .dataframe thead th {\n",
       "        text-align: right;\n",
       "    }\n",
       "</style>\n",
       "<table border=\"1\" class=\"dataframe\">\n",
       "  <thead>\n",
       "    <tr style=\"text-align: right;\">\n",
       "      <th></th>\n",
       "      <th>CRIM</th>\n",
       "      <th>ZN</th>\n",
       "      <th>INDUS</th>\n",
       "      <th>CHAS</th>\n",
       "      <th>NOX</th>\n",
       "      <th>RM</th>\n",
       "      <th>AGE</th>\n",
       "      <th>DIS</th>\n",
       "      <th>RAD</th>\n",
       "      <th>TAX</th>\n",
       "      <th>PTRATIO</th>\n",
       "      <th>B</th>\n",
       "      <th>LSTAT</th>\n",
       "      <th>MEDV</th>\n",
       "    </tr>\n",
       "  </thead>\n",
       "  <tbody>\n",
       "    <tr>\n",
       "      <th>CRIM</th>\n",
       "      <td>1.000000</td>\n",
       "      <td>-0.203316</td>\n",
       "      <td>0.408750</td>\n",
       "      <td>-0.059656</td>\n",
       "      <td>0.420594</td>\n",
       "      <td>-0.222691</td>\n",
       "      <td>0.349304</td>\n",
       "      <td>-0.381240</td>\n",
       "      <td>0.629122</td>\n",
       "      <td>0.586901</td>\n",
       "      <td>0.293932</td>\n",
       "      <td>-0.400727</td>\n",
       "      <td>0.451349</td>\n",
       "      <td>-0.394043</td>\n",
       "    </tr>\n",
       "    <tr>\n",
       "      <th>ZN</th>\n",
       "      <td>-0.203316</td>\n",
       "      <td>1.000000</td>\n",
       "      <td>-0.534918</td>\n",
       "      <td>-0.041111</td>\n",
       "      <td>-0.518611</td>\n",
       "      <td>0.315806</td>\n",
       "      <td>-0.574119</td>\n",
       "      <td>0.668100</td>\n",
       "      <td>-0.314910</td>\n",
       "      <td>-0.317756</td>\n",
       "      <td>-0.393349</td>\n",
       "      <td>0.173965</td>\n",
       "      <td>-0.413915</td>\n",
       "      <td>0.362266</td>\n",
       "    </tr>\n",
       "    <tr>\n",
       "      <th>INDUS</th>\n",
       "      <td>0.408750</td>\n",
       "      <td>-0.534918</td>\n",
       "      <td>1.000000</td>\n",
       "      <td>0.059530</td>\n",
       "      <td>0.762252</td>\n",
       "      <td>-0.397820</td>\n",
       "      <td>0.644183</td>\n",
       "      <td>-0.708029</td>\n",
       "      <td>0.595299</td>\n",
       "      <td>0.721094</td>\n",
       "      <td>0.385695</td>\n",
       "      <td>-0.353595</td>\n",
       "      <td>0.602322</td>\n",
       "      <td>-0.486076</td>\n",
       "    </tr>\n",
       "    <tr>\n",
       "      <th>CHAS</th>\n",
       "      <td>-0.059656</td>\n",
       "      <td>-0.041111</td>\n",
       "      <td>0.059530</td>\n",
       "      <td>1.000000</td>\n",
       "      <td>0.088068</td>\n",
       "      <td>0.091577</td>\n",
       "      <td>0.082903</td>\n",
       "      <td>-0.097021</td>\n",
       "      <td>-0.011646</td>\n",
       "      <td>-0.039511</td>\n",
       "      <td>-0.123075</td>\n",
       "      <td>0.049747</td>\n",
       "      <td>-0.056982</td>\n",
       "      <td>0.176436</td>\n",
       "    </tr>\n",
       "    <tr>\n",
       "      <th>NOX</th>\n",
       "      <td>0.420594</td>\n",
       "      <td>-0.518611</td>\n",
       "      <td>0.762252</td>\n",
       "      <td>0.088068</td>\n",
       "      <td>1.000000</td>\n",
       "      <td>-0.309071</td>\n",
       "      <td>0.729396</td>\n",
       "      <td>-0.768811</td>\n",
       "      <td>0.607731</td>\n",
       "      <td>0.665026</td>\n",
       "      <td>0.189201</td>\n",
       "      <td>-0.377229</td>\n",
       "      <td>0.588271</td>\n",
       "      <td>-0.430269</td>\n",
       "    </tr>\n",
       "    <tr>\n",
       "      <th>RM</th>\n",
       "      <td>-0.222691</td>\n",
       "      <td>0.315806</td>\n",
       "      <td>-0.397820</td>\n",
       "      <td>0.091577</td>\n",
       "      <td>-0.309071</td>\n",
       "      <td>1.000000</td>\n",
       "      <td>-0.248441</td>\n",
       "      <td>0.210846</td>\n",
       "      <td>-0.218430</td>\n",
       "      <td>-0.299779</td>\n",
       "      <td>-0.361216</td>\n",
       "      <td>0.126875</td>\n",
       "      <td>-0.620750</td>\n",
       "      <td>0.695185</td>\n",
       "    </tr>\n",
       "    <tr>\n",
       "      <th>AGE</th>\n",
       "      <td>0.349304</td>\n",
       "      <td>-0.574119</td>\n",
       "      <td>0.644183</td>\n",
       "      <td>0.082903</td>\n",
       "      <td>0.729396</td>\n",
       "      <td>-0.248441</td>\n",
       "      <td>1.000000</td>\n",
       "      <td>-0.748162</td>\n",
       "      <td>0.451386</td>\n",
       "      <td>0.501233</td>\n",
       "      <td>0.268043</td>\n",
       "      <td>-0.269633</td>\n",
       "      <td>0.599543</td>\n",
       "      <td>-0.380341</td>\n",
       "    </tr>\n",
       "    <tr>\n",
       "      <th>DIS</th>\n",
       "      <td>-0.381240</td>\n",
       "      <td>0.668100</td>\n",
       "      <td>-0.708029</td>\n",
       "      <td>-0.097021</td>\n",
       "      <td>-0.768811</td>\n",
       "      <td>0.210846</td>\n",
       "      <td>-0.748162</td>\n",
       "      <td>1.000000</td>\n",
       "      <td>-0.494262</td>\n",
       "      <td>-0.533427</td>\n",
       "      <td>-0.234633</td>\n",
       "      <td>0.288274</td>\n",
       "      <td>-0.495115</td>\n",
       "      <td>0.251706</td>\n",
       "    </tr>\n",
       "    <tr>\n",
       "      <th>RAD</th>\n",
       "      <td>0.629122</td>\n",
       "      <td>-0.314910</td>\n",
       "      <td>0.595299</td>\n",
       "      <td>-0.011646</td>\n",
       "      <td>0.607731</td>\n",
       "      <td>-0.218430</td>\n",
       "      <td>0.451386</td>\n",
       "      <td>-0.494262</td>\n",
       "      <td>1.000000</td>\n",
       "      <td>0.911172</td>\n",
       "      <td>0.468927</td>\n",
       "      <td>-0.440059</td>\n",
       "      <td>0.485812</td>\n",
       "      <td>-0.384828</td>\n",
       "    </tr>\n",
       "    <tr>\n",
       "      <th>TAX</th>\n",
       "      <td>0.586901</td>\n",
       "      <td>-0.317756</td>\n",
       "      <td>0.721094</td>\n",
       "      <td>-0.039511</td>\n",
       "      <td>0.665026</td>\n",
       "      <td>-0.299779</td>\n",
       "      <td>0.501233</td>\n",
       "      <td>-0.533427</td>\n",
       "      <td>0.911172</td>\n",
       "      <td>1.000000</td>\n",
       "      <td>0.466398</td>\n",
       "      <td>-0.437053</td>\n",
       "      <td>0.541042</td>\n",
       "      <td>-0.470993</td>\n",
       "    </tr>\n",
       "    <tr>\n",
       "      <th>PTRATIO</th>\n",
       "      <td>0.293932</td>\n",
       "      <td>-0.393349</td>\n",
       "      <td>0.385695</td>\n",
       "      <td>-0.123075</td>\n",
       "      <td>0.189201</td>\n",
       "      <td>-0.361216</td>\n",
       "      <td>0.268043</td>\n",
       "      <td>-0.234633</td>\n",
       "      <td>0.468927</td>\n",
       "      <td>0.466398</td>\n",
       "      <td>1.000000</td>\n",
       "      <td>-0.177261</td>\n",
       "      <td>0.379660</td>\n",
       "      <td>-0.512740</td>\n",
       "    </tr>\n",
       "    <tr>\n",
       "      <th>B</th>\n",
       "      <td>-0.400727</td>\n",
       "      <td>0.173965</td>\n",
       "      <td>-0.353595</td>\n",
       "      <td>0.049747</td>\n",
       "      <td>-0.377229</td>\n",
       "      <td>0.126875</td>\n",
       "      <td>-0.269633</td>\n",
       "      <td>0.288274</td>\n",
       "      <td>-0.440059</td>\n",
       "      <td>-0.437053</td>\n",
       "      <td>-0.177261</td>\n",
       "      <td>1.000000</td>\n",
       "      <td>-0.355384</td>\n",
       "      <td>0.333180</td>\n",
       "    </tr>\n",
       "    <tr>\n",
       "      <th>LSTAT</th>\n",
       "      <td>0.451349</td>\n",
       "      <td>-0.413915</td>\n",
       "      <td>0.602322</td>\n",
       "      <td>-0.056982</td>\n",
       "      <td>0.588271</td>\n",
       "      <td>-0.620750</td>\n",
       "      <td>0.599543</td>\n",
       "      <td>-0.495115</td>\n",
       "      <td>0.485812</td>\n",
       "      <td>0.541042</td>\n",
       "      <td>0.379660</td>\n",
       "      <td>-0.355384</td>\n",
       "      <td>1.000000</td>\n",
       "      <td>-0.737495</td>\n",
       "    </tr>\n",
       "    <tr>\n",
       "      <th>MEDV</th>\n",
       "      <td>-0.394043</td>\n",
       "      <td>0.362266</td>\n",
       "      <td>-0.486076</td>\n",
       "      <td>0.176436</td>\n",
       "      <td>-0.430269</td>\n",
       "      <td>0.695185</td>\n",
       "      <td>-0.380341</td>\n",
       "      <td>0.251706</td>\n",
       "      <td>-0.384828</td>\n",
       "      <td>-0.470993</td>\n",
       "      <td>-0.512740</td>\n",
       "      <td>0.333180</td>\n",
       "      <td>-0.737495</td>\n",
       "      <td>1.000000</td>\n",
       "    </tr>\n",
       "  </tbody>\n",
       "</table>\n",
       "</div>"
      ],
      "text/plain": [
       "             CRIM        ZN     INDUS      CHAS       NOX        RM       AGE  \\\n",
       "CRIM     1.000000 -0.203316  0.408750 -0.059656  0.420594 -0.222691  0.349304   \n",
       "ZN      -0.203316  1.000000 -0.534918 -0.041111 -0.518611  0.315806 -0.574119   \n",
       "INDUS    0.408750 -0.534918  1.000000  0.059530  0.762252 -0.397820  0.644183   \n",
       "CHAS    -0.059656 -0.041111  0.059530  1.000000  0.088068  0.091577  0.082903   \n",
       "NOX      0.420594 -0.518611  0.762252  0.088068  1.000000 -0.309071  0.729396   \n",
       "RM      -0.222691  0.315806 -0.397820  0.091577 -0.309071  1.000000 -0.248441   \n",
       "AGE      0.349304 -0.574119  0.644183  0.082903  0.729396 -0.248441  1.000000   \n",
       "DIS     -0.381240  0.668100 -0.708029 -0.097021 -0.768811  0.210846 -0.748162   \n",
       "RAD      0.629122 -0.314910  0.595299 -0.011646  0.607731 -0.218430  0.451386   \n",
       "TAX      0.586901 -0.317756  0.721094 -0.039511  0.665026 -0.299779  0.501233   \n",
       "PTRATIO  0.293932 -0.393349  0.385695 -0.123075  0.189201 -0.361216  0.268043   \n",
       "B       -0.400727  0.173965 -0.353595  0.049747 -0.377229  0.126875 -0.269633   \n",
       "LSTAT    0.451349 -0.413915  0.602322 -0.056982  0.588271 -0.620750  0.599543   \n",
       "MEDV    -0.394043  0.362266 -0.486076  0.176436 -0.430269  0.695185 -0.380341   \n",
       "\n",
       "              DIS       RAD       TAX   PTRATIO         B     LSTAT      MEDV  \n",
       "CRIM    -0.381240  0.629122  0.586901  0.293932 -0.400727  0.451349 -0.394043  \n",
       "ZN       0.668100 -0.314910 -0.317756 -0.393349  0.173965 -0.413915  0.362266  \n",
       "INDUS   -0.708029  0.595299  0.721094  0.385695 -0.353595  0.602322 -0.486076  \n",
       "CHAS    -0.097021 -0.011646 -0.039511 -0.123075  0.049747 -0.056982  0.176436  \n",
       "NOX     -0.768811  0.607731  0.665026  0.189201 -0.377229  0.588271 -0.430269  \n",
       "RM       0.210846 -0.218430 -0.299779 -0.361216  0.126875 -0.620750  0.695185  \n",
       "AGE     -0.748162  0.451386  0.501233  0.268043 -0.269633  0.599543 -0.380341  \n",
       "DIS      1.000000 -0.494262 -0.533427 -0.234633  0.288274 -0.495115  0.251706  \n",
       "RAD     -0.494262  1.000000  0.911172  0.468927 -0.440059  0.485812 -0.384828  \n",
       "TAX     -0.533427  0.911172  1.000000  0.466398 -0.437053  0.541042 -0.470993  \n",
       "PTRATIO -0.234633  0.468927  0.466398  1.000000 -0.177261  0.379660 -0.512740  \n",
       "B        0.288274 -0.440059 -0.437053 -0.177261  1.000000 -0.355384  0.333180  \n",
       "LSTAT   -0.495115  0.485812  0.541042  0.379660 -0.355384  1.000000 -0.737495  \n",
       "MEDV     0.251706 -0.384828 -0.470993 -0.512740  0.333180 -0.737495  1.000000  "
      ]
     },
     "execution_count": 84,
     "metadata": {},
     "output_type": "execute_result"
    }
   ],
   "source": [
    "# Finding out the correlation between all the columns\n",
    "\n",
    "relationships = boston.corr()\n",
    "relationships"
   ]
  },
  {
   "cell_type": "code",
   "execution_count": 85,
   "metadata": {},
   "outputs": [
    {
     "data": {
      "text/plain": [
       "<Axes: >"
      ]
     },
     "execution_count": 85,
     "metadata": {},
     "output_type": "execute_result"
    },
    {
     "data": {
